153 287 255 0 0
152 288 255 0 0
153 288 255 0 0
154 288 255 0 0
151 289 255 0 0
152 289 255 0 0
153 289 255 0 0
154 289 255 0 0
155 289 255 0 0
151 290 255 0 0
152 290 255 0 0
153 290 255 0 0
154 290 255 0 0
155 290 255 0 0
156 290 255 0 0
149 291 255 0 0
150 291 255 0 0
151 291 255 0 0
152 291 255 0 0
153 291 255 0 0
154 291 255 0 0
155 291 255 0 0
156 291 255 0 0
157 291 255 0 0
148 292 255 0 0
149 292 255 0 0
150 292 255 0 0
151 292 255 0 0
152 292 255 0 0
153 292 255 0 0
154 292 255 0 0
155 292 255 0 0
156 292 255 0 0
157 292 255 0 0
158 292 255 0 0
147 293 255 0 0
148 293 255 0 0
149 293 255 0 0
150 293 255 0 0
151 293 255 0 0
152 293 255 0 0
153 293 255 0 0
154 293 255 0 0
155 293 255 0 0
156 293 255 0 0
157 293 255 0 0
158 293 255 0 0
159 293 255 0 0
146 294 255 0 0
147 294 255 0 0
148 294 255 0 0
149 294 255 0 0
150 294 255 0 0
151 294 255 0 0
152 294 255 0 0
153 294 255 0 0
154 294 255 0 0
155 294 255 0 0
156 294 255 0 0
157 294 255 0 0
158 294 255 0 0
159 294 255 0 0
160 294 255 0 0
145 295 255 0 0
146 295 255 0 0
147 295 255 0 0
148 295 255 0 0
149 295 255 0 0
150 295 255 0 0
151 295 255 0 0
152 295 255 0 0
153 295 255 0 0
154 295 255 0 0
155 295 255 0 0
156 295 255 0 0
157 295 255 0 0
158 295 255 0 0
159 295 255 0 0
160 295 255 0 0
161 295 255 0 0
144 296 255 0 0
145 296 255 0 0
146 296 255 0 0
147 296 255 0 0
148 296 255 0 0
149 296 255 0 0
150 296 255 0 0
151 296 255 0 0
152 296 255 0 0
153 296 255 0 0
154 296 255 0 0
155 296 255 0 0
156 296 255 0 0
157 296 255 0 0
158 296 255 0 0
159 296 255 0 0
160 296 255 0 0
161 296 255 0 0
162 296 255 0 0
143 297 255 0 0
144 297 255 0 0
145 297 255 0 0
146 297 255 0 0
147 297 255 0 0
148 297 255 0 0
149 297 255 0 0
150 297 255 0 0
151 297 255 0 0
152 297 255 0 0
153 297 255 0 0
154 297 255 0 0
155 297 255 0 0
156 297 255 0 0
157 297 255 0 0
158 297 255 0 0
159 297 255 0 0
160 297 255 0 0
161 297 255 0 0
162 297 255 0 0
163 297 255 0 0
142 298 255 0 0
143 298 255 0 0
144 298 255 0 0
145 298 255 0 0
146 298 255 0 0
147 298 255 0 0
148 298 255 0 0
149 298 255 0 0
150 298 255 0 0
151 298 255 0 0
152 298 255 0 0
153 298 255 0 0
154 298 255 0 0
155 298 255 0 0
156 298 255 0 0
157 298 255 0 0
158 298 255 0 0
159 298 255 0 0
160 298 255 0 0
161 298 255 0 0
162 298 255 0 0
163 298 255 0 0
164 298 255 0 0
140 299 255 0 0
141 299 255 0 0
142 299 255 0 0
143 299 255 0 0
144 299 255 0 0
145 299 255 0 0
146 299 255 0 0
147 299 255 0 0
148 299 255 0 0
149 299 255 0 0
150 299 255 0 0
151 299 255 0 0
152 299 255 0 0
153 299 255 0 0
154 299 255 0 0
155 299 255 0 0
156 299 255 0 0
157 299 255 0 0
158 299 255 0 0
159 299 255 0 0
160 299 255 0 0
161 299 255 0 0
162 299 255 0 0
163 299 255 0 0
164 299 255 0 0
139 300 255 0 0
140 300 255 0 0
141 300 255 0 0
142 300 255 0 0
143 300 255 0 0
144 300 255 0 0
145 300 255 0 0
146 300 255 0 0
147 300 255 0 0
148 300 255 0 0
149 300 255 0 0
150 300 255 0 0
151 300 255 0 0
152 300 255 0 0
153 300 255 0 0
154 300 255 0 0
155 300 255 0 0
156 300 255 0 0
157 300 255 0 0
158 300 255 0 0
159 300 255 0 0
160 300 255 0 0
161 300 255 0 0
162 300 255 0 0
163 300 255 0 0
164 300 255 0 0
165 300 255 0 0
138 301 255 0 0
139 301 255 0 0
140 301 255 0 0
141 301 255 0 0
142 301 255 0 0
143 301 255 0 0
144 301 255 0 0
145 301 255 0 0
146 301 255 0 0
147 301 255 0 0
148 301 255 0 0
149 301 255 0 0
150 301 255 0 0
151 301 255 0 0
152 301 255 0 0
153 301 255 0 0
154 301 255 0 0
155 301 255 0 0
156 301 255 0 0
157 301 255 0 0
158 301 255 0 0
159 301 255 0 0
160 301 255 0 0
161 301 255 0 0
162 301 255 0 0
163 301 255 0 0
164 301 255 0 0
165 301 255 0 0
166 301 255 0 0
136 302 255 0 0
137 302 255 0 0
138 302 255 0 0
139 302 255 0 0
140 302 255 0 0
141 302 255 0 0
142 302 255 0 0
143 302 255 0 0
144 302 255 0 0
145 302 255 0 0
146 302 255 0 0
147 302 255 0 0
148 302 255 0 0
149 302 255 0 0
150 302 255 0 0
151 302 255 0 0
152 302 255 0 0
153 302 255 0 0
154 302 255 0 0
155 302 255 0 0
156 302 255 0 0
157 302 255 0 0
158 302 255 0 0
159 302 255 0 0
160 302 255 0 0
161 302 255 0 0
162 302 255 0 0
163 302 255 0 0
164 302 255 0 0
165 302 255 0 0
166 302 255 0 0
167 302 255 0 0
135 303 255 0 0
136 303 255 0 0
137 303 255 0 0
138 303 255 0 0
139 303 255 0 0
140 303 255 0 0
141 303 255 0 0
142 303 255 0 0
143 303 255 0 0
144 303 255 0 0
145 303 255 0 0
146 303 255 0 0
147 303 255 0 0
148 303 255 0 0
149 303 255 0 0
150 303 255 0 0
151 303 255 0 0
152 303 255 0 0
153 303 255 0 0
154 303 255 0 0
155 303 255 0 0
156 303 255 0 0
157 303 255 0 0
158 303 255 0 0
159 303 255 0 0
160 303 255 0 0
161 303 255 0 0
162 303 255 0 0
163 303 255 0 0
164 303 255 0 0
165 303 255 0 0
166 303 255 0 0
167 303 255 0 0
168 303 255 0 0
133 304 255 0 0
134 304 255 0 0
135 304 255 0 0
136 304 255 0 0
137 304 255 0 0
138 304 255 0 0
139 304 255 0 0
140 304 255 0 0
141 304 255 0 0
142 304 255 0 0
143 304 255 0 0
144 304 255 0 0
145 304 255 0 0
146 304 255 0 0
147 304 255 0 0
148 304 255 0 0
149 304 255 0 0
150 304 255 0 0
151 304 255 0 0
152 304 255 0 0
153 304 255 0 0
154 304 255 0 0
155 304 255 0 0
156 304 255 0 0
157 304 255 0 0
158 304 255 0 0
159 304 255 0 0
160 304 255 0 0
161 304 255 0 0
162 304 255 0 0
163 304 255 0 0
164 304 255 0 0
165 304 255 0 0
166 304 255 0 0
167 304 255 0 0
168 304 255 0 0
169 304 255 0 0
132 305 255 0 0
133 305 255 0 0
134 305 255 0 0
135 305 255 0 0
136 305 255 0 0
137 305 255 0 0
138 305 255 0 0
139 305 255 0 0
140 305 255 0 0
141 305 255 0 0
142 305 255 0 0
143 305 255 0 0
144 305 255 0 0
145 305 255 0 0
146 305 255 0 0
147 305 255 0 0
148 305 255 0 0
149 305 255 0 0
150 305 255 0 0
151 305 255 0 0
152 305 255 0 0
153 305 255 0 0
154 305 255 0 0
155 305 255 0 0
156 305 255 0 0
157 305 255 0 0
158 305 255 0 0
159 305 255 0 0
160 305 255 0 0
161 305 255 0 0
162 305 255 0 0
163 305 255 0 0
164 305 255 0 0
165 305 255 0 0
166 305 255 0 0
167 305 255 0 0
168 305 255 0 0
169 305 255 0 0
170 305 255 0 0
130 306 255 0 0
131 306 255 0 0
132 306 255 0 0
133 306 255 0 0
134 306 255 0 0
135 306 255 0 0
136 306 255 0 0
137 306 255 0 0
138 306 255 0 0
139 306 255 0 0
140 306 255 0 0
141 306 255 0 0
142 306 255 0 0
143 306 255 0 0
144 306 255 0 0
145 306 255 0 0
146 306 255 0 0
147 306 255 0 0
148 306 255 0 0
149 306 255 0 0
150 306 255 0 0
151 306 255 0 0
152 306 255 0 0
153 306 255 0 0
154 306 255 0 0
155 306 255 0 0
156 306 255 0 0
157 306 255 0 0
158 306 255 0 0
159 306 255 0 0
160 306 255 0 0
161 306 255 0 0
162 306 255 0 0
163 306 255 0 0
164 306 255 0 0
165 306 255 0 0
166 306 255 0 0
167 306 255 0 0
168 306 255 0 0
169 306 255 0 0
170 306 255 0 0
171 306 255 0 0
128 307 255 0 0
129 307 255 0 0
130 307 255 0 0
131 307 255 0 0
132 307 255 0 0
133 307 255 0 0
134 307 255 0 0
135 307 255 0 0
136 307 255 0 0
137 307 255 0 0
138 307 255 0 0
139 307 255 0 0
140 307 255 0 0
141 307 255 0 0
142 307 255 0 0
143 307 255 0 0
144 307 255 0 0
145 307 255 0 0
146 307 255 0 0
147 307 255 0 0
148 307 255 0 0
149 307 255 0 0
150 307 255 0 0
151 307 255 0 0
152 307 255 0 0
153 307 255 0 0
154 307 255 0 0
155 307 255 0 0
156 307 255 0 0
157 307 255 0 0
158 307 255 0 0
159 307 255 0 0
160 307 255 0 0
161 307 255 0 0
162 307 255 0 0
163 307 255 0 0
164 307 255 0 0
165 307 255 0 0
166 307 255 0 0
167 307 255 0 0
168 307 255 0 0
169 307 255 0 0
170 307 255 0 0
171 307 255 0 0
172 307 255 0 0
127 308 255 0 0
128 308 255 0 0
129 308 255 0 0
130 308 255 0 0
131 308 255 0 0
132 308 255 0 0
133 308 255 0 0
134 308 255 0 0
135 308 255 0 0
136 308 255 0 0
137 308 255 0 0
138 308 255 0 0
139 308 255 0 0
140 308 255 0 0
141 308 255 0 0
142 308 255 0 0
143 308 255 0 0
144 308 255 0 0
145 308 255 0 0
146 308 255 0 0
147 308 255 0 0
148 308 255 0 0
149 308 255 0 0
150 308 255 0 0
151 308 255 0 0
152 308 255 0 0
153 308 255 0 0
154 308 255 0 0
155 308 255 0 0
156 308 255 0 0
157 308 255 0 0
158 308 255 0 0
159 308 255 0 0
160 308 255 0 0
161 308 255 0 0
162 308 255 0 0
163 308 255 0 0
164 308 255 0 0
165 308 255 0 0
166 308 255 0 0
167 308 255 0 0
168 308 255 0 0
169 308 255 0 0
170 308 255 0 0
171 308 255 0 0
172 308 255 0 0
173 308 255 0 0
125 309 255 0 0
126 309 255 0 0
127 309 255 0 0
128 309 255 0 0
129 309 255 0 0
130 309 255 0 0
131 309 255 0 0
132 309 255 0 0
133 309 255 0 0
134 309 255 0 0
135 309 255 0 0
136 309 255 0 0
137 309 255 0 0
138 309 255 0 0
139 309 255 0 0
140 309 255 0 0
141 309 255 0 0
142 309 255 0 0
143 309 255 0 0
144 309 255 0 0
145 309 255 0 0
146 309 255 0 0
147 309 255 0 0
148 309 255 0 0
149 309 255 0 0
150 309 255 0 0
151 309 255 0 0
152 309 255 0 0
153 309 255 0 0
154 309 255 0 0
155 309 255 0 0
156 309 255 0 0
157 309 255 0 0
158 309 255 0 0
159 309 255 0 0
160 309 255 0 0
161 309 255 0 0
162 309 255 0 0
163 309 255 0 0
164 309 255 0 0
165 309 255 0 0
166 309 255 0 0
167 309 255 0 0
168 309 255 0 0
169 309 255 0 0
170 309 255 0 0
171 309 255 0 0
172 309 255 0 0
173 309 255 0 0
174 309 255 0 0
123 310 255 0 0
124 310 255 0 0
125 310 255 0 0
126 310 255 0 0
127 310 255 0 0
128 310 255 0 0
129 310 255 0 0
130 310 255 0 0
131 310 255 0 0
132 310 255 0 0
133 310 255 0 0
134 310 255 0 0
135 310 255 0 0
136 310 255 0 0
137 310 255 0 0
138 310 255 0 0
139 310 255 0 0
140 310 255 0 0
141 310 255 0 0
142 310 255 0 0
143 310 255 0 0
144 310 255 0 0
145 310 255 0 0
146 310 255 0 0
147 310 255 0 0
148 310 255 0 0
149 310 255 0 0
150 310 255 0 0
151 310 255 0 0
152 310 255 0 0
153 310 255 0 0
154 310 255 0 0
155 310 255 0 0
156 310 255 0 0
157 310 255 0 0
158 310 255 0 0
159 310 255 0 0
160 310 255 0 0
161 310 255 0 0
162 310 255 0 0
163 310 255 0 0
164 310 255 0 0
165 310 255 0 0
166 310 255 0 0
167 310 255 0 0
168 310 255 0 0
169 310 255 0 0
170 310 255 0 0
171 310 255 0 0
172 310 255 0 0
173 310 255 0 0
174 310 255 0 0
175 310 255 0 0
121 311 255 0 0
122 311 255 0 0
123 311 255 0 0
124 311 255 0 0
125 311 255 0 0
126 311 255 0 0
127 311 255 0 0
128 311 255 0 0
129 311 255 0 0
130 311 255 0 0
131 311 255 0 0
132 311 255 0 0
133 311 255 0 0
134 311 255 0 0
135 311 255 0 0
136 311 255 0 0
137 311 255 0 0
138 311 255 0 0
139 311 255 0 0
140 311 255 0 0
141 311 255 0 0
142 311 255 0 0
143 311 255 0 0
144 311 255 0 0
145 311 255 0 0
146 311 255 0 0
147 311 255 0 0
148 311 255 0 0
149 311 255 0 0
150 311 255 0 0
151 311 255 0 0
152 311 255 0 0
153 311 255 0 0
154 311 255 0 0
155 311 255 0 0
156 311 255 0 0
157 311 255 0 0
158 311 255 0 0
159 311 255 0 0
160 311 255 0 0
161 311 255 0 0
162 311 255 0 0
163 311 255 0 0
164 311 255 0 0
165 311 255 0 0
166 311 255 0 0
167 311 255 0 0
168 311 255 0 0
169 311 255 0 0
170 311 255 0 0
171 311 255 0 0
172 311 255 0 0
173 311 255 0 0
174 311 255 0 0
175 311 255 0 0
176 311 255 0 0
